-155 
-45 
139 
171 
57 
-33 
-4 
155 
211 
211 
115 
-2 
-147 
-211 
-147 
-147 
-139 
-131 
-81 
24 
115 
93 
89 
139 
171 
295 
295 
211 
-187 
-591 
-623 
-471 
-4 
187 
163 
123 
155 
247 
375 
327 
139 
0 
-187 
-359 
-527 
-423 
-231 
53 
231 
155 
139 
147 
231 
279 
231 
171 
93 
-33 
-295 
-559 
-407 
-33 
219 
123 
-81 
-89 
99 
179 
195 
179 
131 
179 
10 
-375 
-559 
-407 
0 
327 
263 
57 
-231 
-155 
53 
311 
407 
359 
203 
-219 
-559 
-623 
-359 
99 
311 
359 
247 
53 
-123 
-147 
57 
375 
471 
155 
-343 
-655 
-559 
-179 
163 
359 
343 
65 
-155 
-163 
85 
295 
423 
327 
-49 
-359 
-687 
-623 
-247 
77 
359 
263 
89 
-131 
45 
327 
527 
455 
-18 
-279 
-495 
-591 
-407 
-211 
231 
263 
195 
12 
6 
187 
455 
591 
155 
-123 
-471 
-591 
-423 
-295 
131 
219 
179 
-4 
-61 
123 
359 
591 
231 
-99 
-439 
-655 
-455 
-295 
163 
343 
375 
107 
-77 
-41 
203 
439 
263 
69 
-439 
-719 
-559 
-247 
343 
471 
391 
131 
-93 
-163 
99 
231 
171 
231 
-295 
-591 
-655 
-375 
295 
559 
591 
327 
-6 
-231 
-26 
139 
163 
115 
-527 
-687 
-719 
-279 
495 
687 
719 
423 
99 
-247 
-231 
-455 
-147 
179 
-179 
-195 
-423 
-179 
247 
407 
439 
359 
99 
-49 
89 
-279 
-115 
-179 
-327 
-131 
-391 
-33 
359 
559 
327 
57 
-203 
-37 
211 
-73 
195 
-311 
-559 
-311 
-311 
139 
263 
375 
375 
311 
-99 
0 
-37 
-123 
187 
-391 
-455 
-495 
-311 
455 
719 
527 
139 
8 
-81 
131 
-115 
-295 
-203 
-591 
-343 
-295 
-33 
527 
655 
559 
343 
-195 
-495 
-12 
49 
131 
-49 
-591 
-375 
-247 
139 
495 
471 
263 
211 
-41 
-343 
-171 
-131 
203 
155 
-375 
-407 
-495 
-131 
343 
591 
527 
279 
-295 
-327 
99 
123 
247 
-24 
-527 
-559 
-495 
123 
591 
559 
327 
195 
-139 
-147 
-10 
-30 
-10 
-195 
-391 
-423 
-527 
-18 
559 
687 
327 
37 
-187 
-211 
53 
187 
211 
4 
-407 
-559 
-455 
6 
623 
687 
231 
-343 
-423 
-147 
203 
375 
263 
-203 
-455 
-655 
-455 
61 
783 
943 
423 
-375 
-687 
-359 
375 
655 
527 
-77 
-687 
-943 
-847 
73 
943 
1087 
591 
-295 
-1023 
-623 
-10 
655 
815 
407 
-295 
-1151 
-1023 
-73 
975 
1087 
815 
77 
-879 
-1471 
-687 
559 
1279 
751 
-20 
-495 
-1215 
-591 
407 
1151 
1023 
195 
-815 
-1279 
-1151 
-28 
1343 
1279 
591 
-327 
-687 
-879 
-495 
311 
879 
847 
155 
-911 
-1151 
-751 
163 
1407 
1471 
231 
-943 
-1023 
-231 
495 
295 
231 
8 
-6 
-407 
-847 
-591 
327 
1151 
1215 
263 
-719 
-847 
-343 
391 
311 
57 
33 
-37 
-231 
-623 
-719 
-49 
591 
1215 
943 
0 
-815 
-847 
107 
623 
-155 
-471 
-41 
407 
93 
-1023 
-751 
375 
1087 
1215 
231 
-943 
-911 
-73 
751 
375 
-423 
-231 
-139 
-203 
-527 
-559 
179 
911 
975 
815 
-231 
-943 
-559 
139 
783 
61 
-423 
-391 
-85 
-311 
-591 
-247 
623 
1087 
1023 
147 
-1023 
-783 
-69 
527 
139 
-559 
-147 
231 
147 
-85 
-655 
-179 
391 
655 
879 
279 
-687 
-655 
-311 
187 
-107 
-527 
343 
815 
359 
-527 
-1087 
-327 
751 
1215 
719 
-439 
-879 
-455 
-171 
-37 
-107 
439 
751 
99 
-783 
-1151 
-359 
751 
1407 
1663 
219 
-1599 
-1855 
-527 
943 
815 
-69 
471 
407 
-471 
-1215 
-1343 
391 
1663 
1471 
471 
-1087 
-1599 
-591 
359 
783 
247 
187 
471 
-179 
-1087 
-1151 
-375 
879 
1535 
1279 
77 
-1151 
-943 
-115 
455 
-77 
-147 
471 
527 
-391 
-1151 
-943 
263 
1279 
1663 
559 
-1087 
-1343 
-391 
687 
359 
-687 
0 
943 
93 
-1215 
-1663 
-219 
1535 
1791 
719 
-495 
-975 
-559 
115 
327 
-33 
-163 
439 
155 
-655 
-1215 
-815 
783 
1983 
1535 
115 
-1343 
-1151 
195 
495 
-391 
-719 
179 
911 
171 
-1279 
-1343 
123 
1791 
1919 
295 
-1023 
-975 
-155 
343 
-623 
-943 
295 
1279 
911 
-655 
-1535 
-623 
719 
1471 
879 
-327 
-847 
-495 
311 
375 
-719 
-879 
751 
1023 
-8 
-1471 
-1599 
623 
2207 
1343 
-359 
-1215 
-559 
751 
-115 
-1087 
73 
1023 
1279 
-439 
-1983 
-1471 
171 
1791 
1919 
279 
-943 
-1023 
-99 
263 
-179 
-195 
203 
455 
171 
-911 
-1407 
-439 
1471 
2079 
687 
-1087 
-1215 
343 
751 
-247 
-847 
-471 
279 
375 
-719 
-719 
155 
1151 
1535 
45 
-1023 
-231 
527 
295 
-623 
-847 
-131 
171 
49 
-203 
-57 
179 
719 
1087 
719 
-455 
-1023 
-591 
-33 
-123 
-423 
-359 
247 
911 
375 
-847 
-943 
527 
1599 
1023 
-847 
-1343 
-247 
123 
-195 
-155 
33 
591 
623 
8 
-455 
-623 
327 
1279 
815 
-85 
-1023 
-1215 
-559 
311 
655 
359 
-247 
-131 
-53 
-391 
-295 
247 
943 
815 
30 
-495 
-719 
-751 
179 
439 
163 
61 
-115 
-195 
-423 
-171 
687 
1023 
911 
195 
-423 
-847 
-1407 
-847 
391 
911 
527 
-423 
-655 
231 
439 
211 
327 
495 
439 
24 
-655 
-1215 
-911 
279 
719 
655 
359 
-163 
-139 
20 
187 
69 
-295 
-139 
471 
123 
-719 
-879 
-85 
623 
495 
123 
-391 
-391 
10 
73 
455 
591 
263 
263 
12 
-591 
-527 
-495 
231 
783 
295 
-495 
-783 
-295 
139 
171 
247 
527 
751 
375 
-751 
-1023 
-211 
179 
99 
-131 
-123 
279 
57 
-279 
147 
527 
687 
423 
-115 
-279 
-391 
-495 
-295 
-85 
45 
33 
171 
163 
-69 
-8 
163 
279 
471 
115 
-527 
-815 
-719 
-123 
591 
815 
455 
49 
-26 
-375 
-527 
-655 
-131 
975 
1279 
6 
-1151 
-975 
-123 
687 
1087 
719 
247 
-211 
-687 
-495 
-247 
-471 
-263 
155 
203 
65 
-295 
-155 
527 
911 
423 
-131 
-527 
-527 
-327 
-375 
-187 
495 
751 
471 
-203 
-423 
-69 
-89 
12 
247 
115 
-61 
-407 
-155 
187 
73 
131 
423 
815 
471 
-687 
-1023 
-591 
263 
391 
-115 
-247 
-311 
115 
359 
-139 
-8 
455 
559 
439 
-231 
-783 
-655 
-263 
247 
495 
77 
-99 
-187 
-89 
195 
231 
423 
623 
263 
-423 
-655 
-375 
-211 
-73 
375 
311 
-231 
-687 
-231 
455 
495 
187 
-49 
155 
343 
-61 
-591 
-687 
-18 
623 
163 
-527 
-471 
231 
815 
591 
-247 
-231 
187 
211 
-139 
-623 
-279 
343 
263 
-33 
-423 
-123 
423 
559 
203 
-327 
-439 
-187 
-45 
-195 
-295 
81 
219 
139 
211 
-147 
-115 
439 
391 
8 
-179 
-471 
-391 
-26 
131 
115 
14 
20 
107 
231 
147 
-4 
33 
171 
81 
-139 
-375 
-359 
2 
423 
263 
-295 
-279 
99 
527 
311 
-279 
-375 
-495 
-107 
231 
20 
41 
41 
-10 
131 
45 
-93 
247 
359 
147 
-247 
-591 
-455 
203 
655 
171 
-751 
-295 
591 
591 
-10 
-423 
107 
527 
163 
-407 
-591 
-203 
295 
247 
99 
-187 
-327 
-73 
311 
455 
49 
-423 
-327 
89 
131 
-375 
-407 
527 
751 
179 
-327 
-455 
187 
263 
-311 
-391 
-20 
187 
65 
-115 
231 
423 
99 
-327 
-65 
455 
279 
-247 
-407 
-139 
107 
-93 
-311 
-131 
231 
527 
391 
-211 
-375 
-279 
20 
211 
-45 
-211 
-195 
-65 
163 
99 
139 
139 
107 
163 
-195 
-359 
-211 
-24 
407 
279 
-203 
-423 
-81 
311 
195 
-18 
155 
527 
279 
-407 
-559 
-343 
-16 
375 
343 
147 
-187 
-407 
-263 
-61 
247 
279 
115 
263 
147 
-359 
-783 
-495 
359 
591 
375 
-30 
-455 
-2 
195 
-263 
-171 
455 
655 
37 
-655 
-847 
-407 
527 
1023 
815 
-139 
-719 
-559 
-295 
203 
311 
139 
187 
131 
-359 
-591 
-407 
41 
719 
719 
247 
-211 
-591 
-527 
85 
423 
263 
231 
77 
-45 
-279 
-719 
-391 
655 
975 
211 
-559 
-687 
-343 
115 
391 
279 
33 
155 
131 
-423 
-687 
-163 
623 
559 
49 
-163 
-139 
-171 
-4 
-85 
-107 
195 
359 
65 
-247 
-343 
-279 
61 
527 
591 
45 
-495 
-591 
-115 
359 
279 
-2 
-73 
187 
359 
-203 
-719 
-375 
359 
655 
375 
-93 
-471 
-423 
-187 
61 
211 
359 
423 
57 
-279 
-471 
-407 
-8 
33 
295 
455 
163 
-263 
-391 
-37 
423 
311 
-37 
-231 
-37 
-26 
-311 
-123 
471 
783 
359 
-527 
-783 
-279 
8 
163 
41 
-57 
-155 
-155 
-28 
65 
279 
295 
99 
-49 
-30 
-93 
-439 
-423 
107 
495 
311 
-81 
-211 
123 
591 
455 
-18 
-231 
-263 
-247 
-155 
-139 
-89 
2 
37 
10 
-4 
123 
179 
295 
187 
-99 
-247 
-311 
-263 
57 
139 
-123 
-179 
41 
295 
171 
-187 
-171 
179 
219 
10 
-211 
-131 
-8 
-77 
-139 
-28 
123 
147 
139 
139 
179 
37 
-123 
-45 
123 
65 
-69 
-263 
-247 
37 
131 
187 
203 
99 
-99 
-359 
-279 
